-0
-0.309017
-0.587785
-0.809017
-0.951056
-1
-0.951057
-0.809017
-0.587786
-0.309017
-6.27833e-07
0.309016
0.587785
0.809017
0.951056
1
0.951057
0.809017
0.587786
0.309018
1.25567e-06
-0.309016
-0.587784
-0.809016
-0.951056
-1
-0.951057
-0.809018
-0.587787
-0.309019
-1.8835e-06
0.309015
0.587784
0.809016
0.951056
1
0.951057
0.809018
0.587788
0.30902
2.51133e-06
-0.309014
-0.587783
-0.809015
-0.951055
-1
-0.951058
-0.809018
-0.587788
-0.30902
-3.13916e-06
0.309014
0.587783
0.809015
0.951055
1
0.951058
0.809019
0.587789
0.309021
3.767e-06
-0.309014
-0.587782
-0.809015
-0.951056
-1
-0.951057
-0.80902
-0.587787
-0.309021
-4.39483e-06
0.309013
0.587782
0.809013
0.951055
1
0.951058
0.80902
0.58779
0.309022
5.02266e-06
-0.309012
-0.58778
-0.809014
-0.951055
-1
-0.951058
-0.809019
-0.587792
-0.309022
-5.6505e-06
0.309014
0.587779
0.809014
0.951055
1
0.951059
0.80902
0.587791
0.309023
6.27833e-06
-0.309009
-0.58778
-0.809014
-0.951055
-1
-0.951058
-0.80902
-0.587793
-0.309022
-4.99881e-06
0.309009
0.587778
0.809014
0.951054
1
0.951059
0.809022
0.587792
0.309024
7.534e-06
-0.30901
-0.587779
-0.809013
-0.951054
-1
-0.951059
-0.809023
-0.587791
-0.309023
-1.00692e-05
0.309008
0.58778
0.809011
0.951054
1
0.951058
0.809022
0.587793
0.309025
8.78966e-06
-0.309009
-0.587778
-0.809012
-0.951054
-1
-0.95106
-0.809022
-0.587792
-0.309028
-1.13248e-05
0.30901
0.587776
0.809011
0.951053
1
0.95106
0.809023
0.587794
0.309027
1.00453e-05
-0.309008
-0.587777
-0.809014
-0.951052
-1
-0.951059
-0.809022
-0.587793
-0.309025
-1.25805e-05
0.309005
0.587775
0.80901
0.951054
1
0.951061
0.809024
0.587795
0.309028
1.1301e-05
-0.309006
-0.587779
-0.809008
-0.951052
-1
-0.95106
-0.809023
-0.587794
-0.30903
-1.38362e-05
0.309004
0.587774
0.809011
0.951054
1
0.951061
0.809025
0.587796
0.309029
1.25567e-05
-0.309009
-0.587772
-0.809008
-0.951053
-1
-0.95106
-0.809022
-0.587795
-0.309031
-1.12771e-05
0.309003
0.587776
0.809008
0.951053
1
0.951062
0.809025
0.587794
0.30903
9.99763e-06
-0.309004
-0.587771
-0.809009
-0.951051
-1
-0.951059
-0.809025
-0.587799
-0.309029
-1.63475e-05
0.309005
0.587772
0.80901
0.951052
1
0.951061
0.809024
0.587798
0.309028
1.5068e-05
-0.308999
-0.587773
-0.809006
-0.951052
-1
-0.951061
-0.809028
-0.587797
-0.309034
-1.37885e-05
0.309
0.587774
0.809007
0.95105
1
0.951061
0.809027
0.587796
0.309033
2.01384e-05
-0.309002
-0.587769
-0.809008
-0.951053
-1
-0.951063
-0.809026
-0.587801
-0.309031
-1.88588e-05
0.309003
0.587776
0.809004
0.951051
1
0.951062
0.809025
0.5878
0.309037
1.75793e-05
-0.308997
-0.587771
-0.809009
-0.951051
-1
-0.951062
-0.809029
-0.587799
-0.309036
-1.62998e-05
0.309005
0.587766
0.809005
0.951052
1
0.951061
0.809028
0.587804
0.309035
2.26497e-05
-0.308999
-0.587773
-0.809006
-0.95105
-1
-0.951063
-0.809028
-0.587803
-0.309034
-1.37408e-05
0.308993
0.587768
0.809007
0.95105
1
0.951063
0.809031
0.587802
0.30904
2.00907e-05
-0.309002
-0.587769
-0.809008
-0.95105
-1
-0.95106
-0.809031
-0.587807
-0.309039
-2.64405e-05
0.308996
0.58777
0.809004
0.951051
1
0.951062
0.809025
0.5878
0.30903
2.5161e-05
-0.30899
-0.587765
-0.809005
-0.951049
-1
-0.951064
-0.809029
-0.587799
-0.309036
-1.62521e-05
0.308998
0.58776
0.809001
0.951049
1
0.951064
0.809033
0.587804
0.309035
2.2602e-05
-0.308999
-0.587767
-0.809006
-0.951052
-1
-0.951066
-0.809032
-0.587809
-0.309041
-2.13225e-05
0.308993
0.587768
0.809002
0.95105
1
0.951063
0.809027
0.587808
0.309047
2.76723e-05
-0.308994
-0.587763
-0.809003
-0.951048
-1
-0.951063
-0.80903
-0.587801
-0.309039
-1.87634e-05
0.308988
0.587764
0.808999
0.951048
1
0.951064
0.80903
0.587806
0.309037
2.51133e-05
-0.308997
-0.587771
-0.809005
-0.951047
-1
-0.951066
-0.809033
-0.587805
-0.309036
-3.14632e-05
0.308991
0.587766
0.809005
0.951052
1
0.951064
0.809037
0.58781
0.309042
2.25543e-05
-0.308985
-0.587761
-0.809002
-0.95105
-1
-0.951066
-0.809032
-0.587803
-0.309048
-2.89042e-05
0.308993
0.587756
0.808998
0.951048
1
0.951063
0.809036
0.587808
0.30904
1.99953e-05
-0.309002
-0.587763
-0.808994
-0.951046
-1
-0.951065
-0.80903
-0.587813
-0.309046
-2.63451e-05
0.308996
0.58777
0.808999
0.951049
1
0.951067
0.809034
0.587806
0.309052
3.2695e-05
-0.30899
-0.587765
-0.809005
-0.951047
-1
-0.951064
-0.809029
-0.587811
-0.309043
-3.90449e-05
0.308984
0.58776
0.809001
0.951049
1
0.951066
0.809033
0.587804
0.309035
3.0136e-05
-0.308978
-0.587755
-0.808997
-0.951047
-1
-0.951068
-0.809036
-0.587809
-0.309041
-2.12271e-05
0.308986
0.587762
0.808994
0.951045
1
0.951065
0.80904
0.587814
0.309047
2.7577e-05
-0.308995
-0.587757
-0.808999
-0.951048
-1
-0.951067
-0.809035
-0.587819
-0.309053
-3.39268e-05
0.308988
0.587764
0.808995
0.951046
1
0.951064
0.80903
0.587812
0.309059
4.02767e-05
-0.308982
-0.587759
-0.809
-0.951044
-1
-0.951066
-0.809033
-0.587805
-0.309051
-3.13678e-05
0.308991
0.587754
0.808997
0.951047
1
0.951068
0.809037
0.58781
0.309042
3.77177e-05
-0.308985
-0.587761
-0.809002
-0.95105
-1
-0.95107
-0.809041
-0.587815
-0.309048
-2.88088e-05
0.308979
0.587756
0.808998
0.951048
1
0.951068
0.809045
0.58782
0.309054
3.51586e-05
-0.308987
-0.587751
-0.808994
-0.951046
-1
-0.951065
-0.809039
-0.587813
-0.309046
-4.15085e-05
0.308981
0.587758
0.808991
0.951044
1
0.951067
0.809034
0.587818
0.309052
3.25996e-05
-0.30899
-0.587765
-0.808996
-0.951042
-1
-0.951069
-0.809038
-0.587811
-0.309058
-3.89495e-05
0.308984
0.58776
0.809001
0.951045
1
0.951071
0.809042
0.587816
0.309049
4.52994e-05
-0.308978
-0.587755
-0.808997
-0.951047
-1
-0.951068
-0.809036
-0.587821
-0.309055
-3.63905e-05
0.308972
0.58775
0.808994
0.951045
1
0.95107
0.80904
0.587814
0.309047
2.74816e-05
-0.30898
-0.587745
-0.80899
-0.951043
-1
-0.951067
-0.809044
-0.587819
-0.309053
-3.38314e-05
0.308989
0.587752
0.808995
0.951042
1
0.951069
0.809039
0.587824
0.309059
4.01813e-05
-0.308983
-0.587759
-0.808991
-0.951044
-1
-0.951066
-0.809042
-0.587817
-0.309065
-4.65312e-05
0.308977
0.587766
0.808988
0.951042
1
0.951073
0.809046
0.587822
0.309057
5.28811e-05
-0.30897
-0.587749
-0.808993
-0.951045
-1
-0.95107
-0.809041
-0.587815
-0.309048
-4.39722e-05
0.308979
0.587756
0.808998
0.951048
1
0.951068
0.809036
0.587808
0.309069
5.0322e-05
-0.308973
-0.587739
-0.808985
-0.951041
-1
-0.951069
-0.809048
-0.587825
-0.30906
-4.14131e-05
0.308981
0.587746
0.808991
0.951044
1
0.951067
0.809043
0.587818
0.309052
3.25042e-05
-0.30899
-0.587753
-0.808996
-0.951037
-1
-0.951073
-0.809047
-0.587823
-0.309072
-5.41129e-05
0.308969
0.587748
0.808992
0.95104
1
0.951071
0.809042
0.587816
0.309064
4.5204e-05
-0.308978
-0.587755
-0.808997
-0.951043
-1
-0.951068
-0.809036
-0.587809
-0.309055
-5.15539e-05
0.308957
0.587738
0.808985
0.951041
1
0.951075
0.809049
0.587826
0.309061
4.26449e-05
-0.308966
-0.587745
-0.80899
-0.951043
-1
-0.951072
-0.809044
-0.587819
-0.309053
-3.3736e-05
0.308974
0.587752
0.808995
0.951046
1
0.951074
0.809048
0.587836
0.309073
5.53447e-05
-0.308968
-0.587747
-0.808982
-0.95104
-1
-0.951071
-0.809042
-0.587829
-0.309065
-4.64358e-05
0.308977
0.587754
0.808988
0.951042
1
0.951068
0.809037
0.587822
0.309056
3.75269e-05
-0.308956
-0.587737
-0.808984
-0.95104
-1
-0.951075
-0.80905
-0.587827
-0.309062
-5.91355e-05
0.308964
0.587744
0.808989
0.951043
1
0.951072
0.809044
0.58782
0.309054
5.02266e-05
-0.308973
-0.587751
-0.808994
-0.951046
-1
-0.951069
-0.809057
-0.587837
-0.309075
-5.65765e-05
0.308967
0.587734
0.808982
0.951039
1
0.951071
0.809052
0.587818
0.309066
6.29264e-05
-0.308975
-0.587741
-0.808996
-0.951042
-1
-0.951069
-0.809047
-0.587811
-0.309058
-5.40175e-05
0.308984
0.587748
0.808983
0.951035
1
0.951075
0.809059
0.587828
0.309078
4.51086e-05
-0.308963
-0.58773
-0.808988
-0.951038
-1
-0.951073
-0.809054
-0.587821
-0.30907
-3.61997e-05
0.308972
0.587738
0.808994
0.951041
1
0.95107
0.809049
0.587838
0.30909
5.78083e-05
-0.308951
-0.587745
-0.808981
-0.951034
-1
-0.951077
-0.809044
-0.587831
-0.309082
-4.88994e-05
0.30896
0.587752
0.808986
0.951037
1
0.951074
0.809038
0.587824
0.309073
3.99905e-05
-0.308968
-0.587759
-0.808991
-0.95104
-1
-0.95108
-0.809051
-0.587841
-0.309065
-6.15992e-05
0.308948
0.587742
0.808979
0.951042
1
0.951078
0.809046
0.587834
0.309056
5.26903e-05
-0.308956
-0.587749
-0.808984
-0.951045
-1
-0.951075
-0.809041
-0.587827
-0.309077
-7.42989e-05
0.308965
0.587732
0.808971
0.951038
1
0.951072
0.809053
0.587845
0.309068
6.539e-05
-0.308973
-0.587739
-0.808977
-0.951041
-1
-0.951069
-0.809048
-0.587837
-0.30906
-5.64811e-05
0.308982
0.587746
0.808982
0.951044
1
0.951076
0.809061
0.58783
0.309081
7.80898e-05
-0.308961
-0.587728
-0.808987
-0.951037
-1
-0.951073
-0.809056
-0.587823
-0.309072
-6.91809e-05
0.308969
0.587736
0.808992
0.95104
1
0.951071
0.80905
0.587816
0.309064
6.0272e-05
-0.308949
-0.587718
-0.80898
-0.951033
-1
-0.951077
-0.809063
-0.587833
-0.309084
-5.13631e-05
0.308957
0.587725
0.808985
0.951036
1
0.951074
0.809058
0.587826
0.309076
4.24541e-05
-0.308966
-0.587733
-0.80899
-0.951039
-1
-0.951081
-0.809053
-0.587843
-0.309096
-6.40628e-05
0.308945
0.58774
0.808977
0.951032
1
0.951078
0.809047
0.587836
0.309088
