-0
-3.09017
-5.87785
-8.09017
-9.51056
-10
-9.51057
-8.09017
-5.87786
-3.09017
-6.27833e-06
3.09016
5.87785
8.09017
9.51056
10
9.51057
8.09017
5.87786
3.09018
1.25567e-05
-3.09016
-5.87784
-8.09016
-9.51056
-10
-9.51057
-8.09018
-5.87787
-3.09019
-1.8835e-05
3.09015
5.87784
8.09016
9.51056
10
9.51057
8.09018
5.87788
3.0902
2.51133e-05
-3.09014
-5.87783
-8.09015
-9.51055
-10
-9.51058
-8.09019
-5.87788
-3.0902
-3.13916e-05
3.09014
5.87783
8.09015
9.51055
10
9.51058
8.09019
5.87789
3.09021
3.767e-05
-3.09014
-5.87782
-8.09015
-9.51056
-10
-9.51057
-8.0902
-5.87787
-3.09021
-4.39483e-05
3.09013
5.87782
8.09013
9.51055
10
9.51058
8.0902
5.8779
3.09022
5.02266e-05
-3.09012
-5.8778
-8.09014
-9.51055
-10
-9.51058
-8.09019
-5.87792
-3.09022
-5.6505e-05
3.09014
5.87779
8.09014
9.51055
10
9.51059
8.0902
5.87791
3.09023
6.27833e-05
-3.09009
-5.8778
-8.09014
-9.51055
-10
-9.51058
-8.0902
-5.87793
-3.09022
-4.99881e-05
3.09009
5.87778
8.09014
9.51054
10
9.51059
8.09022
5.87792
3.09024
7.534e-05
-3.0901
-5.87779
-8.09013
-9.51054
-10
-9.51059
-8.09023
-5.87791
-3.09023
-0.000100692
3.09008
5.8778
8.09011
9.51054
10
9.51058
8.09022
5.87793
3.09025
8.78966e-05
-3.09009
-5.87778
-8.09012
-9.51054
-10
-9.5106
-8.09022
-5.87792
-3.09028
-0.000113248
3.0901
5.87776
8.09011
9.51053
10
9.5106
8.09023
5.87794
3.09027
0.000100453
-3.09008
-5.87777
-8.09014
-9.51052
-10
-9.51059
-8.09022
-5.87793
-3.09025
-0.000125805
3.09005
5.87775
8.0901
9.51054
10
9.51061
8.09024
5.87795
3.09028
0.00011301
-3.09006
-5.87779
-8.09008
-9.51052
-10
-9.5106
-8.09023
-5.87794
-3.0903
-0.000138362
3.09004
5.87774
8.09011
9.51054
10
9.5106
8.09025
5.87796
3.09029
0.000125567
-3.09009
-5.87772
-8.09008
-9.51053
-10
-9.5106
-8.09022
-5.87795
-3.09031
-0.000112771
3.09003
5.87776
8.09008
9.51053
10
9.51062
8.09025
5.87794
3.0903
9.99763e-05
-3.09004
-5.87771
-8.09009
-9.51051
-10
-9.51059
-8.09025
-5.87799
-3.09029
-0.000163475
3.09005
5.87772
8.0901
9.51052
10
9.51061
8.09024
5.87798
3.09028
0.00015068
-3.08999
-5.87773
-8.09006
-9.51052
-10
-9.51061
-8.09028
-5.87797
-3.09034
-0.000137885
3.09
5.87774
8.09007
9.5105
10
9.5106
8.09027
5.87796
3.09033
0.000201384
-3.09002
-5.87769
-8.09008
-9.51053
-10
-9.51062
-8.09026
-5.87801
-3.09031
-0.000188588
3.09003
5.87776
8.09004
9.51051
10
9.51062
8.09025
5.878
3.09037
0.000175793
-3.08997
-5.87771
-8.09009
-9.51051
-10
-9.51062
-8.09029
-5.87799
-3.09036
-0.000162998
3.09005
5.87766
8.09005
9.51052
10
9.51061
8.09028
5.87804
3.09035
0.000226497
-3.08999
-5.87773
-8.09006
-9.5105
-10
-9.51063
-8.09028
-5.87803
-3.09034
-0.000137408
3.08993
5.87768
8.09007
9.5105
10
9.51063
8.09031
5.87802
3.0904
0.000200907
-3.09002
-5.87769
-8.09008
-9.5105
-10
-9.5106
-8.09031
-5.87807
-3.09039
-0.000264405
3.08996
5.8777
8.09004
9.51051
10
9.51062
8.09025
5.878
3.0903
0.00025161
-3.0899
-5.87765
-8.09005
-9.51049
-10
-9.51064
-8.09029
-5.87799
-3.09036
-0.000162521
3.08998
5.8776
8.09001
9.51049
10
9.51064
8.09033
5.87804
3.09035
0.00022602
-3.08999
-5.87767
-8.09006
-9.51052
-10
-9.51066
-8.09032
-5.87809
-3.09041
-0.000213225
3.08993
5.87768
8.09002
9.5105
10
9.51063
8.09027
5.87808
3.09047
0.000276723
-3.08994
-5.87763
-8.09003
-9.51048
-10
-9.51062
-8.0903
-5.87801
-3.09039
-0.000187634
3.08988
5.87764
8.08999
9.51048
10
9.51064
8.0903
5.87806
3.09037
0.000251133
-3.08997
-5.87771
-8.09005
-9.51047
-10
-9.51066
-8.09033
-5.87805
-3.09036
-0.000314632
3.08991
5.87766
8.09005
9.51052
10
9.51064
8.09037
5.8781
3.09042
0.000225543
-3.08985
-5.87761
-8.09002
-9.5105
-10
-9.51066
-8.09032
-5.87803
-3.09048
-0.000289042
3.08993
5.87756
8.08998
9.51048
10
9.51063
8.09036
5.87808
3.0904
0.000199953
-3.09002
-5.87763
-8.08994
-9.51046
-10
-9.51065
-8.0903
-5.87813
-3.09046
-0.000263451
3.08996
5.8777
8.08999
9.51049
10
9.51067
8.09034
5.87806
3.09052
0.00032695
-3.0899
-5.87765
-8.09005
-9.51047
-10
-9.51064
-8.09029
-5.87811
-3.09043
-0.000390449
3.08984
5.8776
8.09001
9.51049
10
9.51066
8.09033
5.87804
3.09035
0.00030136
-3.08978
-5.87755
-8.08997
-9.51047
-10
-9.51068
-8.09036
-5.87809
-3.09041
-0.000212271
3.08986
5.87762
8.08994
9.51045
10
9.51065
8.0904
5.87814
3.09047
0.00027577
-3.08995
-5.87757
-8.08999
-9.51048
-10
-9.51067
-8.09035
-5.87819
-3.09053
-0.000339268
3.08988
5.87764
8.08995
9.51046
10
9.51064
8.0903
5.87812
3.09059
0.000402767
-3.08982
-5.87759
-8.09
-9.51044
-10
-9.51066
-8.09033
-5.87805
-3.09051
-0.000313678
3.08991
5.87754
8.08997
9.51047
10
9.51068
8.09037
5.8781
3.09042
0.000377177
-3.08985
-5.87761
-8.09002
-9.5105
-10
-9.5107
-8.09041
-5.87815
-3.09048
-0.000288088
3.08979
5.87756
8.08998
9.51048
10
9.51068
8.09045
5.8782
3.09054
0.000351586
-3.08987
-5.87751
-8.08994
-9.51046
-10
-9.51065
-8.09039
-5.87813
-3.09046
-0.000415085
3.08981
5.87758
8.08991
9.51044
10
9.51067
8.09034
5.87818
3.09052
0.000325996
-3.0899
-5.87765
-8.08996
-9.51042
-10
-9.51069
-8.09038
-5.87811
-3.09058
-0.000389495
3.08984
5.8776
8.09001
9.51045
10
9.51071
8.09042
5.87816
3.09049
0.000452994
-3.08978
-5.87755
-8.08997
-9.51047
-10
-9.51068
-8.09036
-5.87821
-3.09055
-0.000363905
3.08972
5.8775
8.08994
9.51045
10
9.5107
8.0904
5.87814
3.09047
0.000274816
-3.0898
-5.87745
-8.0899
-9.51044
-10
-9.51067
-8.09044
-5.87819
-3.09053
-0.000338314
3.08989
5.87752
8.08995
9.51042
10
9.51069
8.09039
5.87824
3.09059
0.000401813
-3.08983
-5.87759
-8.08991
-9.51044
-10
-9.51066
-8.09042
-5.87817
-3.09065
-0.000465312
3.08977
5.87766
8.08988
9.51042
10
9.51073
8.09046
5.87822
3.09057
0.000528811
-3.0897
-5.87749
-8.08993
-9.51045
-10
-9.5107
-8.09041
-5.87815
-3.09048
-0.000439722
3.08979
5.87756
8.08998
9.51048
10
9.51068
8.09036
5.87808
3.09069
0.00050322
-3.08973
-5.87739
-8.08985
-9.51041
-10
-9.51069
-8.09048
-5.87825
-3.0906
-0.000414131
3.08981
5.87746
8.08991
9.51044
10
9.51067
8.09043
5.87818
3.09052
0.000325042
-3.0899
-5.87753
-8.08996
-9.51037
-10
-9.51073
-8.09047
-5.87823
-3.09072
-0.000541129
3.08969
5.87748
8.08992
9.5104
10
9.51071
8.09042
5.87816
3.09064
0.00045204
-3.08978
-5.87755
-8.08997
-9.51043
-10
-9.51068
-8.09036
-5.87809
-3.09055
-0.000515539
3.08957
5.87738
8.08985
9.51041
10
9.51075
8.09049
5.87826
3.09061
0.000426449
-3.08966
-5.87745
-8.0899
-9.51044
-10
-9.51072
-8.09044
-5.87819
-3.09053
-0.00033736
3.08974
5.87752
8.08995
9.51046
10
9.51074
8.09048
5.87836
3.09073
0.000553447
-3.08968
-5.87747
-8.08982
-9.5104
-10
-9.51071
-8.09042
-5.87829
-3.09065
-0.000464358
3.08977
5.87754
8.08988
9.51042
10
9.51068
8.09037
5.87822
3.09056
0.000375269
-3.08956
-5.87737
-8.08984
-9.5104
-10
-9.51075
-8.0905
-5.87827
-3.09062
-0.000591355
3.08964
5.87744
8.08989
9.51043
10
9.51072
8.09044
5.8782
3.09054
0.000502266
-3.08973
-5.87751
-8.08994
-9.51046
-10
-9.51069
-8.09057
-5.87837
-3.09075
-0.000565765
3.08967
5.87734
8.08982
9.51039
10
9.51071
8.09052
5.87818
3.09066
0.000629264
-3.08975
-5.87741
-8.08996
-9.51042
-10
-9.51069
-8.09047
-5.87811
-3.09058
-0.000540175
3.08984
5.87748
8.08983
9.51035
10
9.51075
8.09059
5.87828
3.09078
0.000451086
-3.08963
-5.8773
-8.08988
-9.51038
-10
-9.51073
-8.09054
-5.87821
-3.0907
-0.000361997
3.08972
5.87738
8.08994
9.51041
10
9.5107
8.09049
5.87838
3.0909
0.000578083
-3.08951
-5.87745
-8.08981
-9.51034
-10
-9.51077
-8.09044
-5.87831
-3.09082
-0.000488994
3.0896
5.87752
8.08986
9.51037
10
9.51074
8.09038
5.87824
3.09073
0.000399905
-3.08968
-5.87759
-8.08992
-9.5104
-10
-9.5108
-8.09051
-5.87841
-3.09065
-0.000615992
3.08948
5.87742
8.08979
9.51042
10
9.51078
8.09046
5.87834
3.09056
0.000526903
-3.08956
-5.87749
-8.08984
-9.51045
-10
-9.51075
-8.09041
-5.87827
-3.09077
-0.000742989
3.08965
5.87732
8.08971
9.51038
10
9.51072
8.09053
5.87845
3.09068
0.0006539
-3.08973
-5.87739
-8.08977
-9.51041
-10
-9.51069
-8.09048
-5.87837
-3.0906
-0.000564811
3.08982
5.87746
8.08982
9.51044
10
9.51076
8.09061
5.8783
3.09081
0.000780898
-3.08961
-5.87728
-8.08987
-9.51037
-10
-9.51073
-8.09056
-5.87823
-3.09072
-0.000691809
3.08969
5.87736
8.08992
9.5104
10
9.51071
8.0905
5.87816
3.09064
0.00060272
-3.08949
-5.87718
-8.0898
-9.51033
-10
-9.51077
-8.09063
-5.87833
-3.09084
-0.000513631
3.08957
5.87725
8.08985
9.51036
10
9.51075
8.09058
5.87826
3.09076
0.000424541
-3.08966
-5.87733
-8.0899
-9.51039
-10
-9.51081
-8.09053
-5.87843
-3.09096
-0.000640628
3.08945
5.8774
8.08977
9.51032
10
9.51078
8.09047
5.87836
3.09088
